[gd_scene load_steps=6 format=2]

[ext_resource path="res://main.gd" type="Script" id=1]
[ext_resource path="res://dungeon/dungeon.tscn" type="PackedScene" id=2]
[ext_resource path="res://debug_controls/debug_controls.gd" type="Script" id=3]
[ext_resource path="res://debug_controls/camera_target.gd" type="Script" id=4]

[sub_resource type="SpatialMaterial" id=1]
flags_unshaded = true
vertex_color_use_as_albedo = true

[node name="Main" type="Spatial"]
script = ExtResource( 1 )

[node name="DebugControls" type="Spatial" parent="."]
transform = Transform( 1, 0, 0, 0, 1, 0, 0, 0, 1, 0, 0.834, 2.13331e-08 )
script = ExtResource( 3 )

[node name="CameraTarget" type="Spatial" parent="DebugControls"]
transform = Transform( 1, 0, 0, 0, 0.509792, 0.860298, 0, -0.860298, 0.509792, 0, 0, 0 )
script = ExtResource( 4 )

[node name="InterpolatedCamera" type="InterpolatedCamera" parent="DebugControls"]
transform = Transform( 1, 0, 0, 0, 0.509792, 0.860298, 0, -0.860298, 0.509792, 0, 0.000214994, 0.00037235 )
fov = 90.7
size = 200.0
near = 0.1
far = 683.8
target = NodePath("../CameraTarget")
speed = 7.0
enabled = true

[node name="ImmediateGeometry" type="ImmediateGeometry" parent="."]
material_override = SubResource( 1 )
cast_shadow = 0

[node name="DirectionalLight" type="DirectionalLight" parent="."]
transform = Transform( -1.62921e-07, -0.939693, 0.34202, 0, 0.34202, 0.939693, -1, 1.53095e-07, -5.57221e-08, 0, 8.26708, 0 )
light_bake_mode = 2
shadow_bias = 1.36
directional_shadow_mode = 0
directional_shadow_blend_splits = true

[node name="Dungeon" parent="." instance=ExtResource( 2 )]
cell_size_mean = 6
cell_size_deviation = 3
